69  207
0    0.3535533905939495     -0.3535533905925980       0.000000000000000    
1    0.2543089386800585     -0.3150716406269950       0.000000000000000    
2    0.2500000000005519     -0.4330127018919007       0.000000000000000    
3    0.4330127018925630     -0.2499999999994047       0.000000000000000    
4    0.3178686351920795     -0.2521491264805147       0.000000000000000    
5     0.000000000000000     -0.5000000000000000       0.000000000000000    
6    0.1294095225514878     -0.4829629131444732       0.000000000000000    
7    0.1351191945725948     -0.3262360877169244       0.000000000000000    
8    0.1016670179531711     -0.2235273721627193       0.000000000000000    
9    0.2146390226673658     -0.2106207248080849       0.000000000000000    
10    0.5000000000000000       0.000000000000000       0.000000000000000    
11    0.4829629131446238     -0.1294095225509257       0.000000000000000    
12    0.3286510112162118     -0.1345379496440103       0.000000000000000    
13     0.000000000000000     -0.3749999999996702       0.000000000000000    
14   -0.1294095225509257     -0.4829629131446238       0.000000000000000    
15   -0.2499999999994047     -0.4330127018925630       0.000000000000000    
16     0.000000000000000     -0.2499999999993461       0.000000000000000    
17    0.2235273721627193     -0.1016670179531711       0.000000000000000    
18    0.4829629131444732      0.1294095225514878       0.000000000000000    
19    0.4330127018919007      0.2500000000005519       0.000000000000000    
20    0.3749999999996702       0.000000000000000       0.000000000000000    
21    0.2499999999993461       0.000000000000000       0.000000000000000    
22    0.3150716406269949      0.2543089386800584       0.000000000000000    
23   -0.1016670179531711     -0.2235273721627193       0.000000000000000    
24   -0.2521491264805147     -0.3178686351920795       0.000000000000000    
25   -0.1345379496440103     -0.3286510112162119       0.000000000000000    
26   -0.3535533905925980     -0.3535533905939495       0.000000000000000    
27     0.000000000000000     -0.1249999999997054       0.000000000000000    
28    0.1201000798615659     -0.1201000798615659       0.000000000000000    
29    0.1201000798615659      0.1201000798615659       0.000000000000000    
30    0.1249999999997054       0.000000000000000       0.000000000000000    
31    0.3262360877169244      0.1351191945725948       0.000000000000000    
32    0.2235273721627193      0.1016670179531710       0.000000000000000    
33    0.3535533905925980      0.3535533905939495       0.000000000000000    
34   -0.1201000798615659     -0.1201000798615659       0.000000000000000    
35   -0.2106207248080849     -0.2146390226673658       0.000000000000000    
36   -0.3150716406269950     -0.2543089386800584       0.000000000000000    
37   -0.4330127018919007     -0.2500000000005519       0.000000000000000    
38     0.000000000000000       0.000000000000000       0.000000000000000    
39   -0.1201000798615659      0.1201000798615659       0.000000000000000    
40    0.2521491264805147      0.3178686351920795       0.000000000000000    
41    0.2106207248080849      0.2146390226673658       0.000000000000000    
42    0.2499999999994047      0.4330127018925630       0.000000000000000    
43   -0.1249999999997054       0.000000000000000       0.000000000000000    
44   -0.2235273721627193     -0.1016670179531711       0.000000000000000    
45   -0.4829629131444732     -0.1294095225514878       0.000000000000000    
46   -0.5000000000000000       0.000000000000000       0.000000000000000    
47   -0.3262360877169245     -0.1351191945725948       0.000000000000000    
48    0.1016670179531710      0.2235273721627193       0.000000000000000    
49     0.000000000000000      0.1249999999997054       0.000000000000000    
50    0.1345379496440103      0.3286510112162118       0.000000000000000    
51     0.000000000000000      0.5000000000000000       0.000000000000000    
52    0.1294095225509257      0.4829629131446238       0.000000000000000    
53   -0.2235273721627193      0.1016670179531710       0.000000000000000    
54   -0.2499999999993461       0.000000000000000       0.000000000000000    
55   -0.3749999999996702       0.000000000000000       0.000000000000000    
56   -0.2146390226673658      0.2106207248080848       0.000000000000000    
57     0.000000000000000      0.2499999999993461       0.000000000000000    
58   -0.1294095225514878      0.4829629131444732       0.000000000000000    
59   -0.1016670179531710      0.2235273721627193       0.000000000000000    
60     0.000000000000000      0.3749999999996702       0.000000000000000    
61   -0.3286510112162118      0.1345379496440103       0.000000000000000    
62   -0.3178686351920795      0.2521491264805147       0.000000000000000    
63   -0.4829629131446238      0.1294095225509257       0.000000000000000    
64   -0.2500000000005519      0.4330127018919007       0.000000000000000    
65   -0.1351191945725948      0.3262360877169244       0.000000000000000    
66   -0.4330127018925630      0.2499999999994047       0.000000000000000    
67   -0.2543089386800584      0.3150716406269949       0.000000000000000    
68   -0.3535533905939495      0.3535533905925980       0.000000000000000    
