180 360
0  12  20
1  11  20
2  11  12
3  7  13
4  6  13
5  6  7
6  13  16
7  7  16
8  20  21
9  12  21
10  30  38
11  28  38
12  28  30
13  27  38
14  27  28
15  5  13
16  5  6
17  10  20
18  10  11
19  8  16
20  7  8
21  17  21
22  12  17
23  3  12
24  3  11
25  2  7
26  2  6
27  9  12
28  4  12
29  4  9
30  1  7
31  1  2
32  21  30
33  17  30
34  16  27
35  8  27
36  8  9
37  7  9
38  9  17
39  1  9
40  17  28
41  8  28
42  3  4
43  0  2
44  0  1
45  1  4
46  0  4
47  0  3
48  9  28
49  14  25
50  13  25
51  13  14
52  47  55
53  45  55
54  45  47
55  54  55
56  47  54
57  16  25
58  34  38
59  27  34
60  38  43
61  34  43
62  46  55
63  45  46
64  5  14
65  44  54
66  44  47
67  23  25
68  16  23
69  15  25
70  14  15
71  37  47
72  37  45
73  25  35
74  24  35
75  24  25
76  36  47
77  36  37
78  23  27
79  43  54
80  43  44
81  35  47
82  35  44
83  23  35
84  35  36
85  23  34
86  34  44
87  15  24
88  26  37
89  26  36
90  24  36
91  24  26
92  15  26
93  34  35
94  61  63
95  55  63
96  55  61
97  60  65
98  58  65
99  58  60
100  57  65
101  57  60
102  54  61
103  39  43
104  38  39
105  39  49
106  38  49
107  51  60
108  51  58
109  46  63
110  59  65
111  57  59
112  53  61
113  53  54
114  63  66
115  61  66
116  64  65
117  58  64
118  61  62
119  56  62
120  56  61
121  65  67
122  64  67
123  43  53
124  49  59
125  49  57
126  56  65
127  56  59
128  53  56
129  56  67
130  39  53
131  39  59
132  62  66
133  67  68
134  64  68
135  62  67
136  66  68
137  62  68
138  39  56
139  52  60
140  50  60
141  50  52
142  20  31
143  18  31
144  18  20
145  21  31
146  50  57
147  29  38
148  29  30
149  29  49
150  10  18
151  51  52
152  31  32
153  21  32
154  48  57
155  48  50
156  42  52
157  42  50
158  19  31
159  18  19
160  41  50
161  40  50
162  40  41
163  22  31
164  19  22
165  30  32
166  48  49
167  32  41
168  31  41
169  41  48
170  22  41
171  29  32
172  29  48
173  40  42
174  22  33
175  19  33
176  22  40
177  33  42
178  33  40
179  29  41
