69 360
0  2  1  3  4
1  2  7  9  0  4
2  6  7  1  0
3  11  12  4  0
4  9  12  3  1  0
5  13  6  14
6  13  7  5  2
7  13  6  16  8  2  1  9
8  16  7  27  9  28
9  12  4  7  8  17  1  28
10  20  11  18
11  20  12  10  3
12  20  11  21  17  3  9  4
13  7  6  16  5  14  25
14  13  25  5  15
15  14  25  24  26
16  7  13  8  27  25  23
17  21  12  30  9  28
18  20  31  10  19
19  18  31  22  33
20  11  12  21  10  31  18
21  20  12  17  30  31  32
22  19  31  41  33  40
23  16  25  27  35  34
24  35  25  15  36  26
25  13  14  16  23  15  35  24
26  37  36  15  24
27  38  28  8  16  34  23
28  38  30  27  17  8  9
29  38  30  49  32  48  41
30  38  28  21  17  29  32
31  20  18  21  32  19  22  41
32  21  31  30  41  29
33  19  22  42  40
34  38  27  43  23  44  35
35  25  24  47  44  23  36  34
36  37  47  35  26  24
37  45  47  36  26
38  30  28  27  34  43  39  49  29
39  38  43  49  53  59  56
40  41  50  42  22  33
41  50  40  31  32  48  22  29
42  52  50  40  33
43  38  34  44  54  39  53
44  54  47  43  35  34
45  55  47  46  37
46  55  45  63
47  55  45  54  44  37  36  35
48  57  50  49  41  29
49  38  39  59  57  29  48
50  60  52  57  48  42  41  40
51  60  58  52
52  60  50  51  42
53  54  61  43  56  39
54  47  55  44  43  61  53
55  47  45  54  46  63  61
56  61  62  65  59  53  67  39
57  65  60  59  49  50  48
58  60  65  51  64
59  57  65  49  56  39
60  65  58  57  51  52  50
61  55  63  54  53  66  56  62
62  56  61  66  67  68
63  55  61  46  66
64  58  65  67  68
65  60  58  57  59  64  67  56
66  63  61  62  68
67  64  65  56  68  62
68  64  67  66  62
