180 672
0  1  2  8  9
1  0  2  17  18
2  0  1  23  24
3  4  5  6  7
4  3  5  15  16
5  3  4  25  26
6  7  3  57  50
7  6  3  19  20
8  9  0  145  142
9  8  0  21  22
10  11  12  147  148
11  10  12  13  14
12  10  11  33  40
13  11  14  58  59
14  11  13  41  35
15  4  16  51  64
16  4  15
17  1  18  144  150
18  1  17
19  7  20  34  35
20  19  7  36  37
21  9  22  32  33
22  21  9  38  27
23  2  24  28  42
24  2  23
25  5  26  30  31
26  5  25
27  28  29  22  38
28  27  29  23  42
29  27  28  39  45
30  25  31  37  39
31  25  30  43  44
32  33  21  165  153
33  32  21  12  40
34  35  19  78  68
35  34  19  14  41
36  37  20  48  41
37  36  20  39  30
38  22  27  40  48
39  37  30  29  45
40  12  33  48  38
41  14  35  48  36
42  28  23  46  47
43  31  44
44  31  43  45  46
45  29  39  46  44
46  42  47  45  44
47  42  46
48  40  38  41  36
49  50  51  69  70
50  49  51  57  6
51  49  50  64  15
52  53  54  55  56
53  52  54  62  63
54  52  53  71  72
55  52  56  96  102
56  55  52  65  66
57  50  6  67  68
58  13  59  60  61
59  58  13  85  78
60  61  58  103  104
61  60  58  80  86
62  53  63  95  109
63  62  53
64  51  15
65  56  66  79  80
66  56  65  81  82
67  57  68  73  83
68  67  57  78  34
69  49  70  75  87
70  69  49
71  54  72  76  77
72  54  71
73  74  75  83  67
74  73  75  84  90
75  73  74  69  87
76  71  77  81  84
77  71  76  88  89
78  34  68  59  85
79  65  80  113  123
80  65  79  86  61
81  66  82  76  84
82  66  81  86  93
83  73  67  93  85
84  76  81  90  74
85  59  78  93  83
86  80  61  82  93
87  75  69  91  92
88  77  89
89  77  88  90  91
90  84  74  89  91
91  92  87  89  90
92  91  87
93  83  85  82  86
94  95  96  114  115
95  94  96  109  62
96  94  95  102  55
97  98  99  100  101
98  97  99  116  117
99  97  98  107  108
100  97  101  110  111
101  97  100  140  146
102  96  55  112  113
103  60  104  123  130
104  103  60  105  106
105  106  104  124  131
106  105  104  149  147
107  99  108  139  151
108  99  107
109  95  62
110  100  111  126  127
111  110  100  124  125
112  102  113  120  128
113  102  112  79  123
114  115  94
115  114  94  132  118
116  98  117  121  122
117  116  98
118  119  120  132  115
119  118  120  135  129
120  118  119  112  128
121  122  116  129  126
122  121  116  133  134
123  113  79  130  103
124  111  125  131  105
125  111  124  154  166
126  110  127  121  129
127  110  126  131  138
128  120  112  138  130
129  121  126  135  119
130  123  103  128  138
131  124  105  127  138
132  115  118  136  137
133  134  122  137  135
134  133  122
135  129  119  133  137
136  137  132
137  136  132  133  135
138  128  130  127  131
139  140  141  107  151
140  139  141  101  146
141  139  140  156  157
142  143  144  145  8
143  142  144  158  159
144  142  143  17  150
145  142  8  152  153
146  101  140  154  155
147  10  148  106  149
148  10  147  165  171
149  106  147  166  172
150  144  17
151  139  107
152  153  145  167  168
153  152  145  165  32
154  146  155  125  166
155  146  154  160  169
156  141  157
157  141  156  161  173
158  143  159  163  164
159  158  143
160  161  162  155  169
161  160  162  157  173
162  160  161  170  176
163  158  164  168  170
164  163  158  174  175
165  153  32  171  148
166  125  154  149  172
167  168  152  179  171
168  167  152  170  163
169  155  160  172  179
170  168  163  162  176
171  165  148  167  179
172  166  149  169  179
173  157  161  177  178
174  175  164  178  176
175  174  164
176  162  170  178  174
177  173  178
178  173  177  176  174
179  169  172  167  171
