112 336
0  0  1  2
1  3  4  5
2  6  7  3
3  8  9  0
4  10  11  12
5  11  13  14
6  4  15  16
7  1  17  18
8  19  7  20
9  21  9  22
10  2  23  24
11  5  25  26
12  27  28  29
13  25  30  31
14  32  33  21
15  34  35  19
16  36  37  20
17  22  38  27
18  37  39  30
19  12  33  40
20  14  41  35
21  28  23  42
22  31  43  44
23  29  39  45
24  42  46  47
25  40  48  38
26  48  41  36
27  45  46  44
28  49  50  51
29  52  53  54
30  55  52  56
31  57  50  6
32  58  13  59
33  60  61  58
34  62  53  63
35  51  64  15
36  56  65  66
37  67  57  68
38  69  49  70
39  54  71  72
40  73  74  75
41  71  76  77
42  78  34  68
43  65  79  80
44  66  81  82
45  73  83  67
46  76  81  84
47  59  85  78
48  80  86  61
49  75  69  87
50  77  88  89
51  84  90  74
52  91  92  87
53  93  83  85
54  82  86  93
55  89  90  91
56  94  95  96
57  97  98  99
58  97  100  101
59  96  102  55
60  103  60  104
61  105  106  104
62  99  107  108
63  95  109  62
64  110  100  111
65  102  112  113
66  114  115  94
67  116  98  117
68  118  119  120
69  121  122  116
70  113  79  123
71  111  124  125
72  110  126  127
73  120  112  128
74  121  129  126
75  123  130  103
76  124  131  105
77  132  115  118
78  133  134  122
79  135  129  119
80  136  137  132
81  128  138  130
82  127  131  138
83  133  137  135
84  139  140  141
85  142  143  144
86  145  142  8
87  101  140  146
88  10  147  148
89  106  149  147
90  144  17  150
91  139  107  151
92  152  153  145
93  146  154  155
94  141  156  157
95  158  143  159
96  160  161  162
97  163  158  164
98  165  153  32
99  125  154  166
100  167  168  152
101  155  160  169
102  168  170  163
103  165  171  148
104  166  149  172
105  157  161  173
106  174  175  164
107  162  170  176
108  173  177  178
109  169  172  179
110  167  179  171
111  178  176  174
