69 336
0  22  24  27
1  13  18  22  23  27
2  11  13  22
3  10  21  24
4  12  21  23  24  27
5  6  35
6  1  6  11
7  1  2  8  11  13  16  18
8  8  15  16  20  26
9  12  16  17  18  23  25  26
10  7  90
11  0  7  10
12  0  3  9  10  12  17  21
13  1  2  6  28  31  35
14  28  35  38
15  38  49  52
16  2  8  15  31  37  42
17  9  14  17  19  25
18  85  90  95
19  95  97  106
20  0  3  7  85  86  90
21  3  9  14  86  92  98
22  97  102  106  107  111
23  37  42  45  47  53
24  40  49  51  52  55
25  28  31  37  38  40  45  49
26  50  52  55
27  5  15  20  32  42  47
28  4  5  19  20  25  26
29  88  89  103  104  109  110
30  4  14  19  88  98  103
31  85  86  92  95  97  100  102
32  92  98  100  103  110
33  106  108  111
34  32  33  47  48  53  54
35  40  44  45  46  51  53  54
36  41  46  50  51  55
37  39  41  50
38  4  5  32  33  60  61  88  89
39  60  61  75  76  81  82
40  96  105  107  108  111
41  96  100  101  102  107  109  110
42  94  105  108
43  33  43  48  60  70  75
44  36  43  44  48  54
45  29  34  39
46  34  63
47  29  30  36  39  41  44  46
48  93  99  101  104  109
49  61  71  76  89  99  104
50  84  87  93  94  96  101  105
51  62  91
52  84  91  94
53  65  70  73  75  81
54  30  36  43  59  65  70
55  29  30  34  56  59  63
56  68  72  73  74  79  81  82
57  58  64  71  87  93  99
58  57  62  67
59  64  71  72  76  82
60  57  58  62  84  87  91
61  56  59  65  66  68  73  77
62  68  77  79  80  83
63  56  63  66
64  67  69  78
65  57  58  64  67  69  72  74
66  66  77  80
67  69  74  78  79  83
68  78  80  83
