180 336
0  0  3
1  0  7
2  0  10
3  1  2
4  1  6
5  1  11
6  2  31
7  2  8
8  3  86
9  3  9
10  4  88
11  4  5
12  4  19
13  5  32
14  5  20
15  6  35
16  6
17  7  90
18  7
19  8  15
20  8  16
21  9  14
22  9  17
23  10  21
24  10
25  11  13
26  11
27  12  17
28  12  21
29  12  23
30  13  18
31  13  22
32  14  98
33  14  19
34  15  42
35  15  20
36  16  26
37  16  18
38  17  25
39  18  23
40  19  25
41  20  26
42  21  24
43  22
44  22  27
45  23  27
46  24  27
47  24
48  25  26
49  28  38
50  28  31
51  28  35
52  29  30
53  29  34
54  29  39
55  30  59
56  30  36
57  31  37
58  32  33
59  32  47
60  33  60
61  33  48
62  34  63
63  34
64  35
65  36  43
66  36  44
67  37  45
68  37  42
69  38  49
70  38
71  39  41
72  39
73  40  45
74  40  51
75  40  49
76  41  46
77  41  50
78  42  47
79  43  70
80  43  48
81  44  46
82  44  54
83  45  53
84  46  51
85  47  53
86  48  54
87  49  52
88  50
89  50  55
90  51  55
91  52  55
92  52
93  53  54
94  56  66
95  56  63
96  56  59
97  57  58
98  57  67
99  57  62
100  58  64
101  58  87
102  59  65
103  60  75
104  60  61
105  61  76
106  61  89
107  62  91
108  62
109  63
110  64  72
111  64  71
112  65  73
113  65  70
114  66
115  66  77
116  67  69
117  67
118  68  77
119  68  79
120  68  73
121  69  74
122  69  78
123  70  75
124  71  76
125  71  99
126  72  74
127  72  82
128  73  81
129  74  79
130  75  81
131  76  82
132  77  80
133  78  83
134  78
135  79  83
136  80
137  80  83
138  81  82
139  84  91
140  84  87
141  84  94
142  85  86
143  85  95
144  85  90
145  86  92
146  87  93
147  88  89
148  88  103
149  89  104
150  90
151  91
152  92  100
153  92  98
154  93  99
155  93  101
156  94
157  94  105
158  95  97
159  95
160  96  101
161  96  105
162  96  107
163  97  102
164  97  106
165  98  103
166  99  104
167  100  110
168  100  102
169  101  109
170  102  107
171  103  110
172  104  109
173  105  108
174  106  111
175  106
176  107  111
177  108
178  108  111
179  109  110
