112 336
0  20  11  12
1  13  7  6
2  16  7  13
3  21  20  12
4  38  30  28
5  38  28  27
6  13  6  5
7  20  10  11
8  16  8  7
9  21  12  17
10  11  3  12
11  2  6  7
12  9  12  4
13  2  7  1
14  30  21  17
15  27  8  16
16  9  7  8
17  9  17  12
18  9  1  7
19  30  17  28
20  27  28  8
21  3  4  12
22  0  2  1
23  9  4  1
24  3  0  4
25  9  28  17
26  9  8  28
27  0  1  4
28  13  14  25
29  55  47  45
30  54  47  55
31  16  13  25
32  38  27  34
33  38  34  43
34  46  55  45
35  13  5  14
36  54  44  47
37  16  25  23
38  14  15  25
39  37  45  47
40  35  25  24
41  37  47  36
42  27  16  23
43  43  44  54
44  35  47  44
45  35  23  25
46  35  36  47
47  27  23  34
48  43  34  44
49  15  24  25
50  26  37  36
51  35  24  36
52  15  26  24
53  35  34  23
54  35  44  34
55  26  36  24
56  55  63  61
57  60  65  58
58  57  65  60
59  54  55  61
60  38  43  39
61  38  39  49
62  51  60  58
63  63  55  46
64  57  59  65
65  54  61  53
66  63  66  61
67  64  58  65
68  56  61  62
69  64  65  67
70  43  54  53
71  49  59  57
72  56  65  59
73  56  53  61
74  56  67  65
75  43  53  39
76  49  39  59
77  66  62  61
78  68  64  67
79  56  62  67
80  66  68  62
81  56  39  53
82  56  59  39
83  68  67  62
84  60  52  50
85  20  31  18
86  21  31  20
87  57  60  50
88  38  29  30
89  38  49  29
90  18  10  20
91  51  52  60
92  21  32  31
93  57  50  48
94  52  42  50
95  19  18  31
96  41  50  40
97  19  31  22
98  30  32  21
99  49  57  48
100  41  31  32
101  41  48  50
102  41  22  31
103  30  29  32
104  49  48  29
105  42  40  50
106  33  19  22
107  41  40  22
108  42  33  40
109  41  29  48
110  41  32  29
111  33  22  40
