69 360
0  43  44  46  47
1  30  31  39  44  45
2  25  26  31  43
3  23  24  42  47
4  28  29  42  45  46
5  15  16  64
6  4  5  16  26
7  3  5  7  20  25  30  37
8  19  20  35  36  41
9  27  29  36  37  38  39  48
10  17  18  150
11  1  2  18  24
12  0  2  9  22  23  27  28
13  3  4  6  15  50  51
14  49  51  64  70
15  69  70  87  92
16  6  7  19  34  57  68
17  21  22  33  38  40
18  143  144  150  159
19  158  159  164  175
20  0  1  8  17  142  144
21  8  9  21  32  145  153
22  163  164  170  174  176
23  67  68  78  83  85
24  74  75  87  90  91
25  49  50  57  67  69  73  75
26  88  89  91  92
27  13  14  34  35  59  78
28  11  12  14  40  41  48
29  147  148  149  171  172  179
30  10  12  32  33  148  165
31  142  143  145  152  158  163  168
32  152  153  165  167  171
33  174  175  177  178
34  58  59  61  85  86  93
35  73  74  81  82  83  84  93
36  76  77  84  89  90
37  71  72  77  88
38  10  11  13  58  60  104  106  147
39  103  104  105  130  131  138
40  161  162  173  176  178
41  160  162  167  168  169  170  179
42  156  157  173  177
43  60  61  79  80  103  123
44  65  66  80  82  86
45  53  54  63  72
46  62  63  109
47  52  54  56  66  71  76  81
48  154  155  166  169  172
49  105  106  124  125  149  166
50  140  141  146  155  157  160  161
51  107  108  151
52  139  141  151  156
53  112  113  123  128  130
54  55  56  65  79  102  113
55  52  53  55  62  95  96
56  119  120  126  127  128  129  138
57  100  101  111  125  146  154
58  98  99  108  117
59  110  111  124  127  131
60  97  99  101  107  139  140
61  94  96  102  112  115  118  120
62  118  119  132  135  137
63  94  95  109  114
64  116  117  122  134
65  97  98  100  110  116  121  126
66  114  115  132  136
67  121  122  129  133  135
68  133  134  136  137
