112 1176
0  3  7  85  86  90  10  9  12  17  21
1  2  6  28  31  35  8  11  13  16  18
2  8  15  31  37  42  1  11  13  16  18  6  28  35
3  9  14  86  92  98  0  7  85  90  10  12  17  21
4  5  32  33  60  61  88  89  14  19  98  103  20  25  26
5  4  32  33  60  61  88  89  19  20  25  26  15  42  47
6  1  2  28  31  35  11
7  0  3  85  86  90  10
8  2  15  31  37  42  16  20  26  1  11  13  18
9  3  14  86  92  98  0  10  12  17  21  19  25
10  0  7  21  24  3  9  12  17
11  13  22  1  6  2  8  16  18
12  16  17  18  23  25  26  0  3  9  10  21  24  27
13  11  22  1  2  8  16  18  23  27
14  4  19  88  98  103  3  9  86  92  17  25
15  5  20  32  42  47  8  16  26  2  31  37
16  12  17  18  23  25  26  1  2  8  11  13  15  20
17  12  16  18  23  25  26  9  14  19  0  3  10  21
18  12  16  17  23  25  26  13  22  27  1  2  8  11
19  4  14  88  98  103  9  17  25  5  20  26
20  5  15  32  42  47  4  19  25  26  8  16
21  10  24  12  23  27  0  3  9  17
22  24  27  11  13  18  23
23  12  16  17  18  25  26  21  24  27  13  22
24  10  21  22  27  12  23
25  12  16  17  18  23  26  4  5  19  20  9  14
26  12  16  17  18  23  25  8  15  20  4  5  19
27  22  24  13  18  23  12  21
28  1  2  6  31  35  38  37  40  45  49
29  30  34  56  59  63  36  39  41  44  46
30  36  43  59  65  70  29  39  41  44  46  34  56  63
31  2  8  15  37  42  1  6  28  35  38  40  45  49
32  4  5  33  60  61  88  89  15  20  42  47  48  53  54
33  4  5  32  60  61  88  89  47  48  53  54  43  70  75
34  63  29  30  56  59  39
35  1  2  6  28  31  38
36  30  43  59  65  70  44  48  54  29  39  41  46
37  2  8  15  31  42  28  38  40  45  49  47  53
38  28  35  49  52  31  37  40  45
39  41  50  29  34  30  36  44  46
40  44  45  46  51  53  54  28  31  37  38  49  52  55
41  39  50  29  30  36  44  46  51  55
42  5  15  20  32  47  2  8  31  37  45  53
43  33  48  60  70  75  36  44  54  30  59  65
44  40  45  46  51  53  54  29  30  36  39  41  43  48
45  40  44  46  51  53  54  37  42  47  28  31  38  49
46  40  44  45  51  53  54  41  50  55  29  30  36  39
47  5  15  20  32  42  37  45  53  33  48  54
48  33  43  60  70  75  32  47  53  54  36  44
49  38  52  40  51  55  28  31  37  45
50  52  55  39  41  46  51
51  40  44  45  46  53  54  49  52  55  41  50
52  38  49  50  55  40  51
53  40  44  45  46  51  54  32  33  47  48  37  42
54  40  44  45  46  51  53  36  43  48  32  33  47
55  50  52  41  46  51  40  49
56  29  30  34  59  63  66  65  68  73  77
57  58  62  84  87  91  64  67  69  72  74
58  64  71  87  93  99  57  67  69  72  74  62  84  91
59  30  36  43  65  70  29  34  56  63  66  68  73  77
60  4  5  32  33  61  88  89  43  48  70  75  76  81  82
61  4  5  32  33  60  88  89  75  76  81  82  71  99  104
62  91  57  58  84  87  67
63  56  66  29  30  34  59
64  58  71  87  93  99  72  76  82  57  67  69  74
65  30  36  43  59  70  56  66  68  73  77  75  81
66  56  63  77  80  59  65  68  73
67  69  78  57  62  58  64  72  74
68  72  73  74  79  81  82  56  59  65  66  77  80  83
69  67  78  57  58  64  72  74  79  83
70  33  43  48  60  75  30  36  59  65  73  81
71  61  76  89  99  104  64  72  82  58  87  93
72  68  73  74  79  81  82  57  58  64  67  69  71  76
73  68  72  74  79  81  82  65  70  75  56  59  66  77
74  68  72  73  79  81  82  69  78  83  57  58  64  67
75  33  43  48  60  70  65  73  81  61  76  82
76  61  71  89  99  104  60  75  81  82  64  72
77  66  80  68  79  83  56  59  65  73
78  80  83  67  69  74  79
79  68  72  73  74  81  82  77  80  83  69  78
80  66  77  78  83  68  79
81  68  72  73  74  79  82  60  61  75  76  65  70
82  68  72  73  74  79  81  64  71  76  60  61  75
83  78  80  69  74  79  68  77
84  57  58  62  87  91  94  93  96  101  105
85  0  3  7  86  90  92  95  97  100  102
86  3  9  14  92  98  85  95  97  100  102  0  7  90
87  58  64  71  93  99  57  62  84  91  94  96  101  105
88  4  5  32  33  60  61  89  103  104  109  110  14  19  98
89  4  5  32  33  60  61  88  71  76  99  104  103  109  110
90  85  95  7  0  3  86
91  62  84  94  57  58  87
92  3  9  14  86  98  100  103  110  85  95  97  102
93  58  64  71  87  99  84  94  96  101  105  104  109
94  84  91  105  108  87  93  96  101
95  97  106  85  90  86  92  100  102
96  100  101  102  107  109  110  84  87  93  94  105  108  111
97  95  106  85  86  92  100  102  107  111
98  4  14  19  88  103  92  100  110  3  9  86
99  61  71  76  89  104  58  64  87  93  101  109
100  96  101  102  107  109  110  85  86  92  95  97  98  103
101  96  100  102  107  109  110  93  99  104  84  87  94  105
102  96  100  101  107  109  110  97  106  111  85  86  92  95
103  4  14  19  88  98  89  104  109  110  92  100
104  61  71  76  89  99  93  101  109  88  103  110
105  94  108  96  107  111  84  87  93  101
106  108  111  95  97  102  107
107  96  100  101  102  109  110  105  108  111  97  106
108  94  105  106  111  96  107
109  96  100  101  102  107  110  88  89  103  104  93  99
110  96  100  101  102  107  109  92  98  103  88  89  104
111  106  108  97  102  107  96  105
